image: qingzhou_hdu_map.pgm
resolution: 0.050000
origin: [-78.200000, -61.200000, 0.000000]
negate: 0
occupied_thresh: 0.65
free_thresh: 0.196

